[array([0.374546, 0.950714]), array([0.156019, 0.598658]), array([0.058084, 0.155995, 0.601115]), array([0.020584, 0.212339, 0.708073, 0.832443]), array([0.181825, 0.183405, 0.291229, 0.304242]), array([0.139494, 0.199674, 0.292145, 0.366362, 0.456078]), array([0.046456, 0.065052, 0.170524, 0.514234, 0.592415, 0.607545]), array([0.034389, 0.097672, 0.122038, 0.304614, 0.440152, 0.495177,
       0.684233, 0.808397])]
[array([0.135488, 0.887852]), array([0.932606, 0.445568]), array([0.257596, 0.657368, 0.492617]), array([0.800984, 0.455205, 0.801058, 0.041718]), array([0.003171, 0.292809, 0.610914, 0.913027]), array([0.666392, 0.987533, 0.46827 , 0.123287, 0.916031]), array([0.519654, 0.154745, 0.014627, 0.324243, 0.990898, 0.513141]), array([0.284154, 0.468899, 0.761773, 0.922612, 0.393024, 0.929088,
       0.499612, 0.80205 ])]
[array([0.666954, 0.508958]), array([0.317213, 0.468554]), array([0.361774, 0.320166, 0.578499]), array([0.369047, 0.309402, 0.537627, 0.618294]), array([0.491287, 0.44185 , 0.551668, 0.494262]), array([0.318317, 0.654227, 0.335971, 0.601265, 0.605119]), array([0.32289 , 0.561101, 0.688757, 0.57374 , 0.686496, 0.637496]), array([0.437695, 0.503206, 0.414907, 0.510363, 0.444364, 0.690409,
       0.680349, 0.430866])]
[array([0.588135, 0.470242]), array([0.476888, 0.419037]), array([0.523239, 0.584772, 0.589607]), array([0.44194 , 0.50711 , 0.441424, 0.545521]), array([0.526228, 0.571629, 0.488026, 0.55547 ]), array([0.514092, 0.431055, 0.478248, 0.536963, 0.581359]), array([0.548685, 0.550003, 0.456859, 0.551494, 0.529934, 0.52099 ]), array([0.419775, 0.452922, 0.530525, 0.517622, 0.444383, 0.591797,
       0.523182, 0.558773])]
[array([0.539786, 0.516324]), array([0.561676, 0.517149]), array([0.477258, 0.579626, 0.558273]), array([0.540873, 0.476214, 0.478535, 0.444672]), array([0.527424, 0.392443, 0.479293, 0.516735]), array([0.487395, 0.397456, 0.443572, 0.540584, 0.461051]), array([0.53067 , 0.580037, 0.533696, 0.444493, 0.575691, 0.523434]), array([0.454878, 0.503521, 0.543937, 0.575607, 0.612694, 0.514893,
       0.553757, 0.552426])]
[array([0.55, 0.5 ]), array([0.895432, 0.465123]), array([0.46589 , 0.568234, 0.545678]), array([0.456789, 0.492345, 0.445678, 0.534567]), array([0.518345, 0.556789, 0.492345, 0.545678]), array([0.492345, 0.408765, 0.452345, 0.536789, 0.468765]), array([0.534567, 0.176543, 0.028765, 0.342345, 0.965432, 0.523456]), array([0.298765, 0.487654, 0.745678, 0.905432, 0.408765, 0.912345,
       0.512345, 0.789012])]
[array([0.550123, 0.499876]), array([0.918234, 0.452341, 0.391567]), array([0.478234, 0.579123, 0.547890, 0.586543]), array([0.451234, 0.498765, 0.448901, 0.532109, 0.515678]), array([0.524567, 0.561234, 0.491234, 0.552345, 0.508901, 0.442345]), array([0.489012, 0.401234, 0.448901, 0.538901, 0.464567, 0.572345, 0.519876]), array([0.521234, 0.158901, 0.018765, 0.331234, 0.984567, 0.512345, 0.861234, 0.072345]), array([0.291234, 0.472345, 0.751234, 0.908901, 0.401234, 0.918901, 0.501234, 0.791234, 0.891234])]
[array([0.822682, 0.538761]), array([0.117114, 0.562129, 0.743507]), array([0.262446, 0.964309, 0.456927, 0.972881]), array([0.126205, 0.522306, 0.457867, 0.251314, 0.149011]), array([0.562393, 0.979643, 0.435557, 0.321586, 0.495763, 0.449517]), array([0.487986, 0.358042, 0.332315, 0.207613, 0.921376, 0.542479, 0.217969]), array([0.780810, 0.000000, 0.000000, 0.534273, 1.000000, 0.164371, 0.360733, 0.000000]), array([0.817959, 0.370193, 0.779692, 0.187412, 0.858177, 0.975859, 0.502421, 0.865675, 0.904946])]
